$ANSIBLE_VAULT;1.1;AES256
38303466656333616661393938656161666239653638623132343166303334653361313439373337
3935633962646633643732383639613435373432613736360a366632643935613239303237363433
64353238343062306264376633663164373132366535343061346435363263376136643136336539
3362323937373262340a643865636537643037666331643764336633386465393234336639363737
38396561373466346263653538616134343965613264383366623732313566396462396335383663
66373238393931666339666334643436383463653930646461303035663366386663303064623135
65616234613366633339623431363936383233623732353530363337346534353839336165356334
37616364343132386133333566323633623031383366336230306534383963363434383835326265
37643931363963636466343563613063366564343136646165343637653631383135653761386236
34323634633732333262383564663634383237326361333465343236383438396163303530313265
36613338383435303865343336366362363733643061346265626531616334623535323263333964
35376162393763616465373537633032393361663762373735373636363637343632333239643164
37666130303534383061313132333730356666663365386365653538666266323938336634343439
37326132396264333939346636313634363138643764353865643335663734326438333762386465
36616262383862376135663730373739333236336134633630663335363037346662653866363665
31303130366461646164316431383633663362626664393135356165323833643365393465333935
64373537336261663330396639343437393163616534396365336138343034643831313930626264
35376361306232316363376161376232303265663566343936366639626530393632613636376563
64356236383464343530386232356365666663313366646139383534626531623036656362663061
35326636323764633738393764666339623937373132346532336366326465663865616661613864
35316235313161616464653462306530613634653835363738343961313432653236656661633533
63353130363431373131643665303862363438396330363464346363356531363839356266653235
36633730663038323038366430666562663266646134363031336639623465373264356430643732
39313966663134336366653135356138646664366666373032656665636634343137363334633863
39383737616135343936303965333966336432663561616633366136303133366465613364623937
39326334306361613765326133316263356139353536643831303836393338393737303635333266
34343339373936353562663261613831633461646561336562643862346434356435643764663461
37366264616164363365333636333431613030363661396563303236666338323630356237343539
38333164653765363362333431363064613561393765653235656261656339663664623631363833
38353832376262316139383430366662663034663537333866386136326135333962613166303265
34653336386234653963653861313063373934653939313137613630306161623339316665613166
30663333666266663263303563306636666466613664646639396135383633323862346430653234
37386533363633373438376435613066326663643964383539663261343234653961343530633062
61643632393835353535663762643532626431663261653834306630336431663139323536613238
37326631343266353539626630386431343665356264396265613037343638646361653435636136
39663836343064373230336466393364613339363132316661333664636564666365633033653035
63313138316562636136613861653765373864623630623866386637313530346130373630373736
36393664333034346264623634616634643635356263376564323263643762656234346430656662
39356261313831393031303162376563646538376637336439303135383462303437376131383562
31336262393937343966303965646465363733633665646134356530333866656634643861613762
37646334643462366632626464616634373937356535333563313533376466643132333235396236
37666433663263633037306432656531366133626661643065396237653833393861333363316363
62323938646635313134303631653262333533336564653230393137646438393633393435366532
61323963303764653133646634363261663433306135623935303661636339633434663866643534
31646464353133663235396663616431383663343037393035653564303066653837363162653133
35613862396333626636613633303030363465613462316362656130646239373039333631306632
62356466393765626635383033303737623065613337336439383134326632363931323539373633
64313134363534643134316433663463626431653362633430303364303036373432623664306535
65646132616231613339373733336366666264616637393130303036626438306665323234303339
3265313630643361303465323832376665616539613966366665
